XXXIV

1136., 1145. in 1163. (51. 151, 211, 462). 1119110 1184., 1187111 119019 .
211191 0031 139100 (51. 691, 730, 776). 1211190 53010513051110 110ον912011 59
11 1251019110 031131313 (10101901 10 1-1311010 (51. 927). ’

Ρ1311 01120 Ζ3110109 19 St. Vid. Ondotna fara 19 110913 11 12. 510-
19110 100090 005951911. Ν911011110 110 19 091915111 03111310 [39199110 Ι. 00-

· 510011 0191 0090ον30101 0513001111911910 Ζ311511993 5310051303 23 11513 00-

5951113, 1131913 50 001 191110 00091111. Τ901 0513001111911910 19 1913 1136.
Sentvidska fara 005100113 St. Mihael 011Κ1111, 130010109, 1115019,
(3105110119,Μοτ3νᾶ9,Η1351ον dol 1111 Κ313,111110191119 ν Svinj-
5119111,ον9 v Τ903001010 900 11 (33010 (51. 150). Vsiti 1113115003
Dolenjskem. Leta 1165. 19 011 11 St. Vidu 09111 1-1901111 23 0911303 (51. 462).

Ζ300000 00 Ζ3110109 19 1115013 9013. [3111111131 59 0000101 9130
0109013 1154. 1913 (51. 336). Ζο3111 50 0301 1113100300, 111 19 211191 011011
1152. 1913 (51. 512), 1100991, 111 59 0190 191010 1154. in 1164119011131
0019013 (51. 331, 358, 373, 471), Wolfram, ki 59 191913 1170. 0090011 5
111511101 01051010 Ηο1030010 23130 0911993 005951113 (51. 517) in 03 Ῑ-110911,
111 59 19 1913 1189. 00919211 119119 0112315119 νο109 (51. 756). Ν311313 59 13 v
132010 11511030 1101 01193 311 03 1101 12111591131911 00 1913 1177. ·naprej
(51. 585, 653, 725, 809). Z Vidonom iz Milj in Leonardom iz Bal 59 19
1913 1200 01901131 23130 091110 19110011 (51. 920). Β11 19 0011910111 Ζ311511993
5310051303 (51. 585). 300991 10 Wolfram iz 1115019 9019 513 0113 10101519-
11313 Κ15119 99111119.

(39 919100 12 1115019 9019 01011 1090230000, 01109010 50350013 11
Το1 1311. 1,913 1162. 59 0111111131 0109013 11 09111 12ν1101 1151101 5110οο001 ,
Εο9910911 5 Το113113 (51. 441), 01091111311913 1177. (51. 585), 001910 1913 1178.
(51. 614) 191 2300110 00 1910 1188. v 119111 090115101 10 0903111301 1151101
(51. 755). 9009111 19 1135 1-1009ν19, 111 59 030313 01120 Κ1119, Ζ3115119010
5310051300 (51. 614).

130199 9019019 Κ1119 113 Dolenjskem 513 11351 G 1000 110 10 13135113
113 5. Grof 111131003Γο 12 15119, 501000111 09191511993 0311131113 [1111113 ΙΙ., 10
19 1913 1177. 0009111 Ζ31151191110 5301051300. Ι)011003 11511113 013111, 03 513
19 0119 11351 11 0915111 11131111 (51. 585). ’

109ον200000 00100 1111 Κ1119 19 Dvor 5 9911111110 511. 101113. Do
smrti 91013 39110103 12 Βο9903 19 01990113 5001093 0101931031913 1168.
00091113 110010015119100 5310051300 900 111091110 1111 19119 Κ1119 011 Sv. Juriju
v 901901910 0910 19 11351, 0019111 01311190, 00013011311 195 11 011201910 90200,
191 115311 190911 59 00 911 1102 1953 12 19090993 90203 (51. 497).

59119102300000 00 Νον993 1119513 19 11111103 099. 0000100 faro,
ki 19 13110 51313, 19 091915111 310101131100 Ulrik 011011 1913 1155. 0003111
302351191ηο 5310051300 (51. 102, 105).

2300000 00 Τ19001993 19 5131 9130 8111009111. Ζο30 0301199101
Majnhard iz Sumberka, ki 59 1090 191001 1141.10 1181. ν90111310109013
11 132010 111110 (51. 169, 258, 512, 525, 524, 556, 501, 516, 527, 653).

