LXXXVI

leta 1129. 00513ν11311 (51. 91). O 03131011 53 13 110110, 03 13 νο33 132-
11013111013, 03 13 1331ον13033 ὂ1ον311, 111 33 0153131 νο0111 33111ν3, 13 ,
03 13 0000033 013ν3511, 111 0132 11011511 51011 33 2331111 (51. 91, 92, 95).
0 091315111 33111νί 53 13 131110, 03 13 0003013 00 ν313 131 53 103113 00
Ᾱο051015113 5101133 13 03 13 0133311310 1113005130 21ν113313 3133111 01111ον-
3111ον (51. 112, 113). 9051003313 0311131113 0313103 13 νο11ν310 33 50130-
913511393 330511013 13 111511393 511013, 03 mu nista 1101313 03131103531133
00 1151111 0053513ν, 1131313 513 131313 33 2331111 091315113 03111310113 (51. 112).

Ν3 (131310ον0 313510 13 1313 1129. 091315113 0110ον50133 12νο1113
0331031511393 0311333 Ε91103113 23 0311131113, 3 1111051νο 93 31 1101310
50131311 (51. 92, 93). Β31ῤ 13 011 ν 1151313 {asu 11101 091315111 3111101131103
Ulrik 12νο1133 23 0311131113, 3 03032 93 31 110131 00110111 (51. 102). Nato
ni 113313 091315113 331113ν 3311011110 0353 30033393 03511113. Se 13 1313
1151. 13 011 23 09131511393 0311131113 12νο1133 93139113 Ι. (51. 105), 111 03
111 011 12 100ον133 8033113131ον (51. 114). V 1151331 03511 13 51311 00-
ν2100113 331131313 0133131303 113 813131511331 13 Κο10511313. Leta 1129.
1335333 01110013 13 113111 5131315111 11131111 9101 1.,300010 Η13011 13 23 31131
13 513011 11139ον 5111 0101131 V. (51. 94). 90 5111111 111511393 511013 Η1103-
00103 († 1131) je Roman I. 00011 Κ15110 5101130 (51.105).

Mir, 113131393 13 501309135111 33051101 1103130 Ι. 511133112 0911,
31 (10190 113131. Kmalu so ti 20031 0135100111 111313, 0115105111 00 313131511331
131 11111090 111101 0ον3011 5 53001. Ν310 13 33051101 005131 00513333 33
0915110 131 01151111 030013393 1113113, 03 50 12110113 5111311111 3111, 11113
001313 135113131 11111090 131, 113113 0ον2100110, 03 53 13 3131315113 11131113
9101113 330013113 2 ν35311, 91300111 13 01301ν3131 (51.105). Med 01119131
13 031 501309135111 33051101 1103130 1311131 0001311111 9130 ν 9111111, 123ον3
53210311 03 9130 ν Η31113110111911 (51. 109).

091315111 031113111 93139113 Ι. (1131—1161) 13 011 00010 23015311
011 13111313331 0303211 13033333 ΙΙ., 111 mu 13 1313 1132. 0003111 1113110-
001115110 001351 &ez 535133151 5110111 13 5303111 003111. Tudi mu 130011011
11131110 9101110 Κ13315110 13 9101110 Ρι111335110 (51. 115). 900 3139ον0
33111ν330 00135110 50 0113 1153 51ον335113 0011131133 111230 00 Drave,
000 11139ον0 0051131110 03 ν31111 031 1113315113 13 0311 9113101511393.
03531130, 1131310 513 501309135111 33051101 13 1115111 51101 0013911113 03-
111311111 03131011, 513 0132 119ον013 01123313 9313911311 131 νο11ν313 fudi
na 1131131313 013313311353, 03 50 1510 5101111 (51. 112). Κο 13 03032
1303333 11. leta 1135. 51111331 513000 ν 9150, 53 13 13 30313211 03111311]Δ
93139113 5 5νο11131 5111139331 (51. 125). Leta 1136. 13 031113111 93139113
115133ονἰί 533105133 ν Ζ3110131 (51. 150), 51111 1313 0023313 03 ν 00131313
913011 (51. 157). ’

Leta 1135. 53 13 110105111 νο1νο03 Ε39310311 000ον3031 5νο133111
0051013351ν11 131 510011 ν 5311105133 (51. 121). Ν139ον 33151313151 513

Ulrik Ι. (1155-1144) 13 005131 3139ον 3351303111, 113131393 01ν111131 1101 .

