LXXX

Menqocij (51. 724), 1131101013 1145. in 1'186. notar Hdalper (51. 209. 724),
1013 1186. 30131 1113101111 (51. 724) 1011013 1194. 30131 1113610211 (51. 865).
Νο111 Ulrik 10 611 1013 1173. odvetnik ν 110013 (51. 531). ¹

Κο015113 060133 10 6113 13110 010130233, 1131 1101132310 20 10, da
10 001101113 33 novo 35133ον11031 51101111 005051ν3 ν 6003113, ν 9311031,
011 1112331 13 50 ν 3011031 (1139013 111313, 001031 11500 113130ον ν13091311ον
101 (10501130 011 0113. [013 1186. 10 10 vodil 23033 1111301111. Ν109ον113
5νο1ον310013 10 6110 Litifred, Ιν33, 5013003 13 Leon ime (51. 724). Ζ3033
1111301111 50 0130313 13111 1013 1194. (51. 865), 1013 1145. 03 93513111 1111301111
(51. 209).

V 130513 10 51313 510133 00111ον, 111 10 6113 111131111 005νο0033. Leta
1186. 10 (106113, 1131101 10 6110 20 100030, od 060130 133090 005051ον
(51. 724). V Kopru 50 10 13111 331131313 00111ον Μ311113093 0233310313 5
533105133013, 1131010 10 1013 1152. 131113131 11235110-110015111 5110100110111
5331051333 5ν. 131113 ν 3030111311 (51. 303). V 12. 51010113 50 10 03 (101
110013 2ν31 (110133 (51. 120).

Vsled 0105310 1100151116 1305033ον 10 60305113 ν131131013 1182. (10-
νο1113, (13 331 60 ν 110013 01151331500 23 sol. Le 13 10 531013 6111 231093
5011, 30 03 00 (1139111 1511511111 31051111. Κο010331 50 (106111 0050630131110,
5 1131010 50 51132111 15115110 0610210 13011 13311013 13 (1131102031, (13 6111110
30 13101 231090 5011 13111 ν 11311013 (1139013 111313 (51. 656).

8ον01ον21101130 011 Κο013 011 1211ν3 10110 1112330 10 11116 80111113,
13230 0111011 03 00111ν103 5ν. 111131110 ν 1112331. Leta 1135. 10 30111
111131001 00110111 10 00111ον z ν50311 01110111133311 5313051333 5ν.(210111333
ν 111131333 011 3030111311 (51.120). 151093 1013 10 100030133 5313051333

011510ρί1 11235111 51101 Π1011331 30110 2013111500 ν 80113133 00109 10110 ’

1112330 (51. 124). 130501 101 0023010 10 1511 51101, 1131101 50 11320, 00113111
30110 (11390 1331 102000 2013111500 11303ον33οω3 5331051333 (51. 208). V
30111115113112 1013 1186. 50 0130313 ,,Βί2335111 01011“, 1131 10 3316120 11116
8011313. Ν3 1031 010113 10 Κο015113 060133 113013 30110 005051νο 101 93
1311131 0100351113 11001511131 51101031 (51.724).

Ι39ον21101130 011 Κο013 10 ν35 1.,0031. Ρονο1131 sem 20, da 10
113013 Κο015113 060133 13 30110 005051νο, 1131010 10 ’0115100113 5νο1113
51101013 (51. 724).

Vzhodno od [00311310 vas Kubed, 1131010 10 Ulrik, sin 033110-
11303ον33093 1511511093 13013093 91013, 1013 1102. 00110111 091015111 00111νί
(51.5).

Zahodno od Κο013 10 12013, 1131010 10 1013 1031. dobil samostan
5ν. 11131110 011 091013 (Gr. ΙΙΙ, 51. 87). Τ3111 1013 1139. je 6113 12013 0011
06135110 10003093 5313051333 (51. 153). Leta 1145. so morali 12015111 010-
61ν3101 0115001 8030033013 2νο51060 (51. 209). Α 11320 50, (13 3150 6111
2311ον01131 2 6030511131 9050051νο31 101 50 93 1113313 0110511. Leta 1165.
so 50 1101011 12 5113113 01011 5ον13231111 12501111 ν 11163033, 111 1021 13230

